### DATA:
#
# 1000
#      Q             I(Q)           Error     
5.76141100E-03  6.84733800E+00  2.29771070E+00
6.31424300E-03  3.38933590E+00  1.16242720E+00
6.86707350E-03  3.35753750E+00  6.47457600E-01
7.41990500E-03  4.37313650E+00  4.68016400E-01
7.97273700E-03  5.78960900E+00  3.64050180E-01
8.52556800E-03  6.43138030E+00  3.18426760E-01
9.07839900E-03  6.66174200E+00  2.80299870E-01
9.63123100E-03  7.05918460E+00  2.49702860E-01
1.01840620E-02  6.89593170E+00  2.23989780E-01
1.07368930E-02  6.80940060E+00  2.04355460E-01
1.12897250E-02  7.12756730E+00  1.86772630E-01
1.18425560E-02  7.02898450E+00  1.73640850E-01
1.23953880E-02  7.36780450E+00  1.60995000E-01
1.29482200E-02  7.35835300E+00  1.50873260E-01
1.35010510E-02  7.14618730E+00  1.44185410E-01
1.40538810E-02  7.14441000E+00  1.35462780E-01
1.46067130E-02  7.14357400E+00  1.28015040E-01
1.51595440E-02  7.32556960E+00  1.23440020E-01
1.57123760E-02  7.24488070E+00  1.16955150E-01
1.62652080E-02  7.32822800E+00  1.14392504E-01
1.68180390E-02  7.16637370E+00  1.09794890E-01
1.73708700E-02  7.24573900E+00  1.07473254E-01
1.79237010E-02  7.13222700E+00  1.01603400E-01
1.84765320E-02  7.17446600E+00  9.93317740E-02
1.90293640E-02  6.88302800E+00  9.71293450E-02
1.95821960E-02  6.85345270E+00  9.45498200E-02
2.01350270E-02  7.13537360E+00  9.31357200E-02
2.06878590E-02  6.83232260E+00  9.00706900E-02
2.12406900E-02  6.81383560E+00  8.88645650E-02
2.17935200E-02  6.64286700E+00  8.55636750E-02
2.23463520E-02  6.80398850E+00  8.46744600E-02
2.28991840E-02  6.58978650E+00  8.33246700E-02
2.34520150E-02  6.49682140E+00  8.13589400E-02
2.40048470E-02  6.38085750E+00  7.97860000E-02
2.45576780E-02  6.45411900E+00  7.85869200E-02
2.51105100E-02  6.26276540E+00  7.80638400E-02
2.56633400E-02  6.13222800E+00  7.60039700E-02
2.62161730E-02  6.15727400E+00  7.69431700E-02
2.67690030E-02  6.21861400E+00  8.02936800E-02
2.73218360E-02  6.24893860E+00  8.05786600E-02
2.78746660E-02  5.85962300E+00  8.24973360E-02
2.84274970E-02  5.93197970E+00  8.21182000E-02
2.89803300E-02  5.96557140E+00  8.12084450E-02
2.95331600E-02  6.02836000E+00  7.94416700E-02
3.00859930E-02  5.83659100E+00  7.86313600E-02
3.06388230E-02  5.73630300E+00  7.81237800E-02
3.11916560E-02  5.77006100E+00  7.57504400E-02
3.17444860E-02  5.57040550E+00  7.58374260E-02
3.22973160E-02  5.55005070E+00  7.43701500E-02
3.28501500E-02  5.38228750E+00  7.47498000E-02
3.34029800E-02  5.32676500E+00  7.08291600E-02
3.39558120E-02  5.36397080E+00  7.03736540E-02
3.45086430E-02  5.15915500E+00  6.90348000E-02
3.50614760E-02  5.15049300E+00  6.72308800E-02
3.56143060E-02  5.13535450E+00  6.69256800E-02
3.61671360E-02  5.03515700E+00  6.56900260E-02
3.67199700E-02  4.99721860E+00  6.55315600E-02
3.72728000E-02  4.98646970E+00  6.38293850E-02
3.78256320E-02  4.99520870E+00  6.40357360E-02
3.83784620E-02  4.83545000E+00  6.24366740E-02
3.89312950E-02  4.67804770E+00  6.13433600E-02
3.94841250E-02  4.66872900E+00  6.07942300E-02
4.00369550E-02  4.68688600E+00  6.05231200E-02
4.05897900E-02  4.59807160E+00  5.99226470E-02
4.11426200E-02  4.61142060E+00  5.91317380E-02
4.16954520E-02  4.45089800E+00  5.90323360E-02
4.22482820E-02  4.43459600E+00  5.81801420E-02
4.28011150E-02  4.27839000E+00  5.78646140E-02
4.33539450E-02  4.23310600E+00  5.74016500E-02
4.39067780E-02  4.31325630E+00  5.70680800E-02
4.44596080E-02  4.14901300E+00  5.67017460E-02
4.50124380E-02  4.07073970E+00  5.58013470E-02
4.55652700E-02  4.07765500E+00  5.58458160E-02
4.61181000E-02  3.90602060E+00  5.52477430E-02
4.66709350E-02  4.03095960E+00  5.49861800E-02
4.72237650E-02  3.91803620E+00  5.43623980E-02
4.77765980E-02  3.81999350E+00  5.37627080E-02
4.83294280E-02  3.76230740E+00  5.35547140E-02
4.88822580E-02  3.72060780E+00  5.32891450E-02
4.94350900E-02  3.66641600E+00  5.45950530E-02
4.99879200E-02  3.64365670E+00  5.41402770E-02
5.05407500E-02  3.55588670E+00  5.49614350E-02
5.10935840E-02  3.57344200E+00  5.42144100E-02
5.16464200E-02  3.56737300E+00  5.43823650E-02
5.21992440E-02  3.58662650E+00  5.45484600E-02
5.27520800E-02  3.46296050E+00  5.43878450E-02
5.33049100E-02  3.29471060E+00  5.42188140E-02
5.38577440E-02  3.36339660E+00  5.41141630E-02
5.44105700E-02  3.26301980E+00  5.41486030E-02
5.49634040E-02  3.22495800E+00  5.35635580E-02
5.55162400E-02  3.15097430E+00  5.32426500E-02
5.60690700E-02  3.18855830E+00  5.20385760E-02
5.66219000E-02  3.13544820E+00  5.10028000E-02
5.71747300E-02  3.12697480E+00  5.07094750E-02
5.77275630E-02  3.07142380E+00  4.99878040E-02
5.82803900E-02  3.03779320E+00  4.99781200E-02
5.88332240E-02  2.99857200E+00  4.90911940E-02
5.93860570E-02  2.92101650E+00  4.88176050E-02
5.99388900E-02  2.91051220E+00  4.84276260E-02
6.04917170E-02  2.85922530E+00  4.81289180E-02
6.10445500E-02  2.77829770E+00  4.78090050E-02
6.15973830E-02  2.80030580E+00  4.75095440E-02
6.21502100E-02  2.75583840E+00  4.75331360E-02
6.27030430E-02  2.80744300E+00  4.69285300E-02
6.32558760E-02  2.66387600E+00  4.68322040E-02
6.38087100E-02  2.61284200E+00  4.67754500E-02
6.43615370E-02  2.64404700E+00  4.61368400E-02
6.49143700E-02  2.60274030E+00  4.58698760E-02
6.54672000E-02  2.64390420E+00  4.55938170E-02
6.60200300E-02  2.47262290E+00  4.56195250E-02
6.65728600E-02  2.48890040E+00  4.51101600E-02
6.71256960E-02  2.49602720E+00  4.52814700E-02
6.76785300E-02  2.39299870E+00  4.45862400E-02
6.82313560E-02  2.30989620E+00  4.42486800E-02
6.87841900E-02  2.31045340E+00  4.42474930E-02
6.93370200E-02  2.30979900E+00  4.39421200E-02
6.98898500E-02  2.33756780E+00  4.40662170E-02
7.04426800E-02  2.26962800E+00  4.34202100E-02
7.09955160E-02  2.22112750E+00  4.35472880E-02
7.15483500E-02  2.12564180E+00  4.30687630E-02
7.21011760E-02  2.21974000E+00  4.27510920E-02
7.26540100E-02  2.05049970E+00  4.26377200E-02
7.32068400E-02  2.08683780E+00  4.24367900E-02
7.37596700E-02  2.12459300E+00  4.24431200E-02
7.43125000E-02  2.09396800E+00  4.21162840E-02
7.48653350E-02  2.04475640E+00  4.21070120E-02
7.54181700E-02  1.99558090E+00  4.16377900E-02
7.59709950E-02  1.89056200E+00  4.13863700E-02
7.65238300E-02  1.98123610E+00  4.14638260E-02
7.70766600E-02  1.91035600E+00  4.10461720E-02
7.76294900E-02  1.87509730E+00  4.10738600E-02
7.81823200E-02  1.85714480E+00  4.06069800E-02
7.87351550E-02  1.92594930E+00  4.07668300E-02
7.92879900E-02  1.94052350E+00  4.05320040E-02
7.98408150E-02  1.81286660E+00  4.03496800E-02
8.03936500E-02  1.84453390E+00  4.01658300E-02
8.09464800E-02  1.70617000E+00  3.98371370E-02
8.14993100E-02  1.74844980E+00  3.97429730E-02
8.20521400E-02  1.71690330E+00  3.95858600E-02
8.26049750E-02  1.72479780E+00  3.96718800E-02
8.31578100E-02  1.68889710E+00  3.92745360E-02
8.37106350E-02  1.62507740E+00  3.93510540E-02
8.42634700E-02  1.55898150E+00  3.88232540E-02
8.48163000E-02  1.67890360E+00  3.88374500E-02
8.53691300E-02  1.62570100E+00  3.87880240E-02
8.59219600E-02  1.61525820E+00  3.85055900E-02
8.64747940E-02  1.59276330E+00  3.85035500E-02
8.70276300E-02  1.62335350E+00  3.83790140E-02
8.75804540E-02  1.50001200E+00  3.81665160E-02
8.81332900E-02  1.48884670E+00  3.78554720E-02
8.86861200E-02  1.51460330E+00  3.76761850E-02
8.92389500E-02  1.45630380E+00  3.76813370E-02
8.97917800E-02  1.41664090E+00  3.74301400E-02
9.03446140E-02  1.44049080E+00  3.75712630E-02
9.08974470E-02  1.39657500E+00  3.70128270E-02
9.14502740E-02  1.48048580E+00  3.73290300E-02
9.20031100E-02  1.44689740E+00  3.68198200E-02
9.25559400E-02  1.34485510E+00  3.68263870E-02
9.31087700E-02  1.37906440E+00  3.68568400E-02
9.36616000E-02  1.39963880E+00  3.64909130E-02
9.42144330E-02  1.39235190E+00  3.65137350E-02
9.47672670E-02  1.30110620E+00  3.62258930E-02
9.53200940E-02  1.28884650E+00  3.64255120E-02
9.58729270E-02  1.29141010E+00  3.60975600E-02
9.64257600E-02  1.30104900E+00  3.59738300E-02
9.69785870E-02  1.23503940E+00  3.59252360E-02
9.75314200E-02  1.21781750E+00  3.56749450E-02
9.80842530E-02  1.33150970E+00  3.57114930E-02
9.86370860E-02  1.25195490E+00  3.56001500E-02
9.91899130E-02  1.24372970E+00  3.56696770E-02
9.97427460E-02  1.24877600E+00  3.53060100E-02
1.00295580E-01  1.18736280E+00  3.53922660E-02
1.00848410E-01  1.10699710E+00  3.51271370E-02
1.01401250E-01  1.16592680E+00  3.50115000E-02
1.01954070E-01  1.17067350E+00  3.49699400E-02
1.02506900E-01  1.12252560E+00  3.49142800E-02
1.03059730E-01  1.06943770E+00  3.48321570E-02
1.03612570E-01  1.08235850E+00  3.47422770E-02
1.04165400E-01  1.14998400E+00  3.47432000E-02
1.04718230E-01  1.10471080E+00  3.44207100E-02
1.05271070E-01  1.10407920E+00  3.43863850E-02
1.05823890E-01  1.11247380E+00  3.42941880E-02
1.06376720E-01  1.02269830E+00  3.41883820E-02
1.06929550E-01  1.05309370E+00  3.42593040E-02
1.07482390E-01  1.05250080E+00  3.38558000E-02
1.08035220E-01  1.07524670E+00  3.40153350E-02
1.08588050E-01  9.67461600E-01  3.44278850E-02
1.09140880E-01  9.69623800E-01  3.43988100E-02
1.09693710E-01  1.00965310E+00  3.47302850E-02
1.10246540E-01  9.92694500E-01  3.46895940E-02
1.10799370E-01  9.89745740E-01  3.48156770E-02
1.11352200E-01  9.95401100E-01  3.46295570E-02
1.11905040E-01  9.84579000E-01  3.50377500E-02
1.12457870E-01  9.48610000E-01  3.47698070E-02
1.13010700E-01  9.76093650E-01  3.47796940E-02
1.13563530E-01  9.53557000E-01  3.49325720E-02
1.14116360E-01  9.83459350E-01  3.47519800E-02
1.14669190E-01  8.55052700E-01  3.47249470E-02
1.15222020E-01  9.61689000E-01  3.41770280E-02
1.15774860E-01  8.66383430E-01  3.41033820E-02
1.16327690E-01  9.19902100E-01  3.37587070E-02
1.16880520E-01  8.63489100E-01  3.36166250E-02
1.17433350E-01  8.63665700E-01  3.34108000E-02
1.17986180E-01  8.92045000E-01  3.31886300E-02
1.18539010E-01  8.28770640E-01  3.32128370E-02
1.19091840E-01  8.16076100E-01  3.30397370E-02
1.19644680E-01  8.71487260E-01  3.30615640E-02
1.20197510E-01  8.71938500E-01  3.28871870E-02
1.20750340E-01  8.06045900E-01  3.28445320E-02
1.21303160E-01  8.64607160E-01  3.25369050E-02
1.21856000E-01  8.28206500E-01  3.24571240E-02
1.22408830E-01  7.70791500E-01  3.25096850E-02
1.22961660E-01  7.86137600E-01  3.23211960E-02
1.23514500E-01  7.88803940E-01  3.22708260E-02
1.24067330E-01  7.54346200E-01  3.20487900E-02
1.24620160E-01  7.60956400E-01  3.21335980E-02
1.25172980E-01  7.12824800E-01  3.19546870E-02
1.25725820E-01  7.23851200E-01  3.18403800E-02
1.26278650E-01  7.66892100E-01  3.18083870E-02
1.26831480E-01  7.68208700E-01  3.16923630E-02
1.27384320E-01  7.61264300E-01  3.16206700E-02
1.27937150E-01  7.80206500E-01  3.14516160E-02
1.28489980E-01  7.42874260E-01  3.16876100E-02
1.29042800E-01  7.13583950E-01  3.12616380E-02
1.29595640E-01  7.54776950E-01  3.12837730E-02
1.30148470E-01  7.41919500E-01  3.12557970E-02
1.30701300E-01  6.94541340E-01  3.12033100E-02
1.31254140E-01  7.27573160E-01  3.14898500E-02
1.31806970E-01  7.01635660E-01  3.16223500E-02
1.32359800E-01  7.05612060E-01  3.18547800E-02
1.32912620E-01  6.51388100E-01  3.16830280E-02
1.33465460E-01  6.53158000E-01  3.19153370E-02
1.34018290E-01  6.51648200E-01  3.17092350E-02
1.34571120E-01  5.90373750E-01  3.17676180E-02
1.35123960E-01  6.39552950E-01  3.17252900E-02
1.35676790E-01  5.94136800E-01  3.18232500E-02
1.36229620E-01  6.08348370E-01  3.19460070E-02
1.36782460E-01  6.16058350E-01  3.17807500E-02
1.37335280E-01  5.98738700E-01  3.16494630E-02
1.37888110E-01  5.81162630E-01  3.12075970E-02
1.38440940E-01  5.98191800E-01  3.10491030E-02
1.38993780E-01  6.26510740E-01  3.09959760E-02
1.39546610E-01  6.35747250E-01  3.08026760E-02
1.40099440E-01  6.07784030E-01  3.08539940E-02
1.40652280E-01  5.57917200E-01  3.04550980E-02
1.41205100E-01  6.00146300E-01  3.06238550E-02
1.41757930E-01  5.60082300E-01  3.04501320E-02
1.42310760E-01  5.93012400E-01  3.03190950E-02
1.42863600E-01  5.57586800E-01  3.02637370E-02
1.43416430E-01  5.52419700E-01  3.01289170E-02
1.43969260E-01  5.68700250E-01  3.01195070E-02
1.44522100E-01  5.59133470E-01  2.99257240E-02
1.45074920E-01  6.05388300E-01  3.00999360E-02
1.45627750E-01  5.74513500E-01  2.98150200E-02
1.46180580E-01  5.61665600E-01  2.98188650E-02
1.46733420E-01  5.33815700E-01  2.97244120E-02
1.47286250E-01  5.58705100E-01  2.95976250E-02
1.47839080E-01  5.23911500E-01  2.95126800E-02
1.48391910E-01  5.46643300E-01  2.95210390E-02
1.48944740E-01  5.19254860E-01  2.94925530E-02
1.49497570E-01  5.24588170E-01  2.92963890E-02
1.50050400E-01  5.33580300E-01  2.94308980E-02
1.50603230E-01  5.31448000E-01  2.91036100E-02
1.51156070E-01  5.40294500E-01  2.90830000E-02
1.51708900E-01  5.12000800E-01  2.91112340E-02
1.52261730E-01  5.16318700E-01  2.91205120E-02
1.52814560E-01  4.61833030E-01  2.89870400E-02
1.53367390E-01  4.71858740E-01  2.88757160E-02
1.53920220E-01  4.87864880E-01  2.89126800E-02
1.54473050E-01  5.27176400E-01  2.87263540E-02
1.55025890E-01  4.38662800E-01  2.87444270E-02
1.55578720E-01  4.88480660E-01  2.86852830E-02
1.56131550E-01  4.16141270E-01  2.85926930E-02
1.56684370E-01  4.96197220E-01  2.85711700E-02
1.57237210E-01  4.20000500E-01  2.83697300E-02
1.57790040E-01  4.22199000E-01  2.85735820E-02
1.58342870E-01  4.49175980E-01  2.83838960E-02
1.58895710E-01  4.47250370E-01  2.82736510E-02
1.59448540E-01  4.38934680E-01  2.83120830E-02
1.60001370E-01  4.26089760E-01  2.81509220E-02
1.60554200E-01  4.60971270E-01  2.82305780E-02
1.61107030E-01  4.29271580E-01  2.80484480E-02
1.61659860E-01  4.37640220E-01  2.81679780E-02
1.62212690E-01  4.03631960E-01  2.81988270E-02
1.62765530E-01  4.04662400E-01  2.85673810E-02
1.63318360E-01  4.93669330E-01  2.85054170E-02
1.63871190E-01  4.16844100E-01  2.86609850E-02
1.64424010E-01  4.48653820E-01  2.86427920E-02
1.64976850E-01  4.49025240E-01  2.82190260E-02
1.65529680E-01  4.22680020E-01  2.82793200E-02
1.66082510E-01  4.22796760E-01  2.79595830E-02
1.66635350E-01  3.94099380E-01  2.79133820E-02
1.67188180E-01  3.88657540E-01  2.77982370E-02
1.67741010E-01  4.10828100E-01  2.77410600E-02
1.68293830E-01  3.69264300E-01  2.78062320E-02
1.68846670E-01  4.08916000E-01  2.76868140E-02
1.69399500E-01  4.19704900E-01  2.76726370E-02
1.69952330E-01  3.65779640E-01  2.75127850E-02
1.70505170E-01  3.70482700E-01  2.74715540E-02
1.71058000E-01  4.25941100E-01  2.73408830E-02
1.71610830E-01  3.95530340E-01  2.73601650E-02
1.72163650E-01  3.21156020E-01  2.72610060E-02
1.72716490E-01  4.24408080E-01  2.72644260E-02
1.73269320E-01  3.88273980E-01  2.72611570E-02
1.73822150E-01  3.97560600E-01  2.72145960E-02
1.74374990E-01  3.76452700E-01  2.72685570E-02
1.74927820E-01  3.70986250E-01  2.71375550E-02
1.75480650E-01  3.61127350E-01  2.71095750E-02
1.76033470E-01  3.75701790E-01  2.70692720E-02
1.76586310E-01  3.32849200E-01  2.69913280E-02
1.77139140E-01  3.49969570E-01  2.68914760E-02
1.77691970E-01  3.68246260E-01  2.68692840E-02
1.78244800E-01  3.54157900E-01  2.69974840E-02
1.78797640E-01  3.27500080E-01  2.67757210E-02
1.79350470E-01  3.63638430E-01  2.68544180E-02
1.79903290E-01  3.42030600E-01  2.66933930E-02
1.80456130E-01  3.40797900E-01  2.66079920E-02
1.81008960E-01  3.42823150E-01  2.65818900E-02
1.81561790E-01  3.16171020E-01  2.65868080E-02
1.82114620E-01  3.39714050E-01  2.66438030E-02
1.82667460E-01  3.20050330E-01  2.64763310E-02
1.83220290E-01  3.04613980E-01  2.65041310E-02
1.83773110E-01  3.40359660E-01  2.63944230E-02
1.84325950E-01  3.42676900E-01  2.63580660E-02
1.84878780E-01  2.98687670E-01  2.63343160E-02
1.85431610E-01  2.83424020E-01  2.63180700E-02
1.85984440E-01  3.36351100E-01  2.62737530E-02
1.86537280E-01  3.20058520E-01  2.61472330E-02
1.87090110E-01  3.31636600E-01  2.63455920E-02
1.87642930E-01  3.05230470E-01  2.61138530E-02
1.88195770E-01  3.21140650E-01  2.60881700E-02
1.88748600E-01  3.16897180E-01  2.60782600E-02
1.89301430E-01  3.38631840E-01  2.60238950E-02
1.89854260E-01  3.27070180E-01  2.60941090E-02
1.90407100E-01  2.96838580E-01  2.62994450E-02
1.90959930E-01  3.01345020E-01  2.64755560E-02
1.91512750E-01  3.24332150E-01  2.66459510E-02
1.92065580E-01  3.29219820E-01  2.65912130E-02
1.92618420E-01  2.85769020E-01  2.66869520E-02
1.93171250E-01  3.11065100E-01  2.66463010E-02
1.93724080E-01  2.88046870E-01  2.68402980E-02
1.94276920E-01  3.25221540E-01  2.68024280E-02
1.94829750E-01  2.91095970E-01  2.68872830E-02
1.95382570E-01  2.77352420E-01  2.68987790E-02
1.95935400E-01  3.18056300E-01  2.69215960E-02
1.96488240E-01  2.76737200E-01  2.68039570E-02
1.97041070E-01  2.61736900E-01  2.65153090E-02
1.97593900E-01  3.16096220E-01  2.67400220E-02
1.98146740E-01  2.87552680E-01  2.66924650E-02
1.98699570E-01  3.25270000E-01  2.67939640E-02
1.99252390E-01  2.82872650E-01  2.67396590E-02
1.99805220E-01  2.13086340E-01  2.68047020E-02
2.00358060E-01  2.76139600E-01  2.67808980E-02
2.00910900E-01  2.49638990E-01  2.68417670E-02
2.01463720E-01  3.23914380E-01  2.68205460E-02
2.02016540E-01  2.74912300E-01  2.68135050E-02
2.02569400E-01  2.98845920E-01  2.69397630E-02
2.03122200E-01  2.48447760E-01  2.71428660E-02
2.03675060E-01  2.41328610E-01  2.74832550E-02
2.04227880E-01  3.13550770E-01  2.73252690E-02
2.04780720E-01  2.47072620E-01  2.74918340E-02
2.05333540E-01  2.64940440E-01  2.74713640E-02
2.05886360E-01  2.74419370E-01  2.75112220E-02
2.06439200E-01  2.16515170E-01  2.74821370E-02
2.06992030E-01  2.32556310E-01  2.75203620E-02
2.07544880E-01  2.33565700E-01  2.76602250E-02
2.08097700E-01  2.42832060E-01  2.76122170E-02
2.08650540E-01  1.73515440E-01  2.75865900E-02
2.09203360E-01  2.49675630E-01  2.75533700E-02
2.09756180E-01  2.99373980E-01  2.76328440E-02
2.10309030E-01  2.34652890E-01  2.76176950E-02
2.10861850E-01  2.16422230E-01  2.76289820E-02
2.11414700E-01  2.26325750E-01  2.77189110E-02
2.11967520E-01  2.21911340E-01  2.75202410E-02
2.12520360E-01  2.24916280E-01  2.77769800E-02
2.13073180E-01  2.62952180E-01  2.78417930E-02
2.13626000E-01  2.52914430E-01  2.79632170E-02
2.14178850E-01  2.12295870E-01  2.79259420E-02
2.14731670E-01  2.67357350E-01  2.78914030E-02
2.15284510E-01  2.03818230E-01  2.79505630E-02
2.15837340E-01  2.06925700E-01  2.79173520E-02
2.16390180E-01  2.34906510E-01  2.81422380E-02
2.16943000E-01  2.37038820E-01  2.83792700E-02
2.17495820E-01  2.00931310E-01  2.86158140E-02
2.18048670E-01  2.09120780E-01  2.88380310E-02
2.18601500E-01  2.45791690E-01  2.88756080E-02
2.19154330E-01  2.34450950E-01  2.89981680E-02
2.19707160E-01  2.63588430E-01  2.89783420E-02
2.20260000E-01  1.63674320E-01  2.93287340E-02
2.20812820E-01  1.92406860E-01  2.91897280E-02
2.21365640E-01  2.15166380E-01  2.93813810E-02
2.21918490E-01  2.44129640E-01  2.94886060E-02
2.22471300E-01  1.68928790E-01  2.93592700E-02
2.23024150E-01  2.16082360E-01  2.94979620E-02
2.23576970E-01  1.31909220E-01  2.94924600E-02
2.24129820E-01  2.01068640E-01  2.96605560E-02
2.24682640E-01  2.18586550E-01  2.96873640E-02
2.25235460E-01  1.85749640E-01  2.96639330E-02
2.25788300E-01  1.86400440E-01  2.97917220E-02
2.26341130E-01  1.61894250E-01  2.98248510E-02
2.26893970E-01  2.10954950E-01  2.98864360E-02
2.27446800E-01  2.30382520E-01  2.99791150E-02
2.27999640E-01  2.05018940E-01  2.99469570E-02
2.28552460E-01  2.10146590E-01  3.00101360E-02
2.29105280E-01  2.13357640E-01  3.01424320E-02
2.29658130E-01  2.59267750E-01  3.01665050E-02
2.30210950E-01  2.29843020E-01  3.01145070E-02
2.30763800E-01  1.95676740E-01  3.02290860E-02
2.31316610E-01  1.55847490E-01  3.01696860E-02
2.31869460E-01  1.95510060E-01  3.02312400E-02
2.32422280E-01  1.63246400E-01  3.03242630E-02
2.32975100E-01  1.83121310E-01  3.03657900E-02
2.33527950E-01  1.49567810E-01  3.02809400E-02
2.34080770E-01  1.78612920E-01  3.04370430E-02
2.34633610E-01  2.18356740E-01  3.03520220E-02
2.35186430E-01  1.54985140E-01  3.03611440E-02
2.35739280E-01  2.06644460E-01  3.04847770E-02
2.36292100E-01  1.46528650E-01  3.04488840E-02
2.36844920E-01  1.61141250E-01  3.05986550E-02
2.37397770E-01  1.67351350E-01  3.04164590E-02
2.37950590E-01  1.61729530E-01  3.06122530E-02
2.38503430E-01  1.83586700E-01  3.04679140E-02
2.39056250E-01  2.17193720E-01  3.05680730E-02
2.39609100E-01  1.90863400E-01  3.06378960E-02
2.40161920E-01  2.34854730E-01  3.06724240E-02
2.40714740E-01  1.36081930E-01  3.06322260E-02
2.41267590E-01  1.83247420E-01  3.06098240E-02
2.41820400E-01  1.73993540E-01  3.08206120E-02
2.42373250E-01  1.89628840E-01  3.06689050E-02
2.42926070E-01  1.84534360E-01  3.07919290E-02
2.43478920E-01  1.49998980E-01  3.06829640E-02
2.44031740E-01  2.07229150E-01  3.07195340E-02
2.44584560E-01  1.12110370E-01  3.06933800E-02
2.45137400E-01  1.66624250E-01  3.07195070E-02
2.45690230E-01  9.21729100E-02  3.08377200E-02
2.46243070E-01  2.02959580E-01  3.08403860E-02
2.46795900E-01  1.48517850E-01  3.07432380E-02
2.47348740E-01  1.78655560E-01  3.08449340E-02
2.47901560E-01  1.69411870E-01  3.08316520E-02
2.48454380E-01  1.38668860E-01  3.09298470E-02
2.49007230E-01  1.82085900E-01  3.08997440E-02
2.49560050E-01  1.70817630E-01  3.09755040E-02
2.50112900E-01  1.50022790E-01  3.09450810E-02
2.50665710E-01  2.22823520E-01  3.10047100E-02
2.51218560E-01  1.84799430E-01  3.09780260E-02
2.51771380E-01  1.31610750E-01  3.09312730E-02
2.52324200E-01  1.65175230E-01  3.10475290E-02
2.52877040E-01  1.34057130E-01  3.09422670E-02
2.53429870E-01  1.47863100E-01  3.10256480E-02
2.53982700E-01  1.74374790E-01  3.09643670E-02
2.54535530E-01  1.27669020E-01  3.10240520E-02
2.55088380E-01  1.49032250E-01  3.10304600E-02
2.55641200E-01  1.10773260E-01  3.09684350E-02
2.56194020E-01  1.43331240E-01  3.10283580E-02
2.56746860E-01  1.19618155E-01  3.08857930E-02
2.57299690E-01  1.63030100E-01  3.10530810E-02
2.57852530E-01  1.43702660E-01  3.09921280E-02
2.58405350E-01  1.27235300E-01  3.11335140E-02
2.58958200E-01  1.50233060E-01  3.10397610E-02
2.59511020E-01  1.22143485E-01  3.10951900E-02
2.60063840E-01  1.54827000E-01  3.10195000E-02
2.60616680E-01  9.52499900E-02  3.10117550E-02
2.61169500E-01  1.43351700E-01  3.10656950E-02
2.61722350E-01  1.73302500E-01  3.10262180E-02
2.62275170E-01  1.62831980E-01  3.10680510E-02
2.62828020E-01  1.58592460E-01  3.09714770E-02
2.63380840E-01  1.31627170E-01  3.10990850E-02
2.63933660E-01  1.59251470E-01  3.09499240E-02
2.64486500E-01  1.56268840E-01  3.10598870E-02
2.65039320E-01  1.20110250E-01  3.09724420E-02
2.65592170E-01  1.21141836E-01  3.10214260E-02
2.66145000E-01  1.26502990E-01  3.10494500E-02
2.66697840E-01  1.29222530E-01  3.10014600E-02
2.67250660E-01  9.37752000E-02  3.12272120E-02
2.67803480E-01  1.73316030E-01  3.09866930E-02
2.68356320E-01  1.32289420E-01  3.12044700E-02
2.68909140E-01  1.16240874E-01  3.10489160E-02
2.69462000E-01  1.50665860E-01  3.10435910E-02
2.70014800E-01  1.46471300E-01  3.11394130E-02
2.70567660E-01  1.42128450E-01  3.11069130E-02
2.71120480E-01  1.29641560E-01  3.12412590E-02
2.71673300E-01  1.26962720E-01  3.13905780E-02
2.72226140E-01  1.29512320E-01  3.19709000E-02
2.72778960E-01  9.55786260E-02  3.24307160E-02
2.73331800E-01  1.89148870E-01  3.23993700E-02
2.73884630E-01  1.36788920E-01  3.29543760E-02
2.74437480E-01  1.02236316E-01  3.30098870E-02
2.74990300E-01  1.24352660E-01  3.32830470E-02
2.75543120E-01  1.48811580E-01  3.33268900E-02
2.76095960E-01  1.11915130E-01  3.36132160E-02
2.76648780E-01  1.05827680E-01  3.38834520E-02
2.77201630E-01  1.58755450E-01  3.38962500E-02
2.77754450E-01  1.12922670E-01  3.42522260E-02
2.78307300E-01  1.33977030E-01  3.35861000E-02
2.78860120E-01  1.76897230E-01  3.34533640E-02
2.79412940E-01  1.32123770E-01  3.30571600E-02
2.79965780E-01  1.58160820E-01  3.31587570E-02
2.80518600E-01  1.03058320E-01  3.28235030E-02
2.81071450E-01  1.34263590E-01  3.28288670E-02
2.81624270E-01  1.73687790E-01  3.26704230E-02
2.82177110E-01  1.47407190E-01  3.26413070E-02
2.82729940E-01  1.19501980E-01  3.26409300E-02
2.83282760E-01  1.68472870E-01  3.24967130E-02
2.83835600E-01  1.04089450E-01  3.25104670E-02
2.84388420E-01  1.49230260E-01  3.23875140E-02
2.84941270E-01  1.37431640E-01  3.25813480E-02
2.85494100E-01  1.28088640E-01  3.23826560E-02
2.86046930E-01  1.06530620E-01  3.23040560E-02
2.86599760E-01  6.41027540E-02  3.24689750E-02
2.87152580E-01  1.37794500E-01  3.23192800E-02
2.87705420E-01  1.45728260E-01  3.23334820E-02
2.88258240E-01  1.39989330E-01  3.23165900E-02
2.88811090E-01  1.23348005E-01  3.22395500E-02
2.89363900E-01  8.59207360E-02  3.22437140E-02
2.89916750E-01  9.30135300E-02  3.21368800E-02
2.90469570E-01  1.65037210E-01  3.21761520E-02
2.91022400E-01  7.59330540E-02  3.19686200E-02
2.91575240E-01  1.54117930E-01  3.20987200E-02
2.92128060E-01  8.69926660E-02  3.19816540E-02
2.92680900E-01  7.27443100E-02  3.20136660E-02
2.93233730E-01  1.29218600E-01  3.19612180E-02
2.93786570E-01  8.99736800E-02  3.19491700E-02
2.94339400E-01  1.04033500E-01  3.20411100E-02
2.94892220E-01  1.25851380E-01  3.18686200E-02
2.95445060E-01  1.50289360E-01  3.19934820E-02
2.95997880E-01  1.56331840E-01  3.19684800E-02
2.96550730E-01  1.70653030E-01  3.19811440E-02
2.97103550E-01  1.22248910E-01  3.18903900E-02
2.97656400E-01  1.19541400E-01  3.20103880E-02
2.98209210E-01  1.21971940E-01  3.19414000E-02
2.98762040E-01  1.64899190E-01  3.19150050E-02
2.99314880E-01  1.07033820E-01  3.18785300E-02
2.99867700E-01  1.63468800E-01  3.19458300E-02
3.00420550E-01  1.56662450E-01  3.19296000E-02
3.00973370E-01  1.62433280E-01  3.18867560E-02
3.01526210E-01  1.32429400E-01  3.19556370E-02
3.02079030E-01  1.10055060E-01  3.18176860E-02
3.02631860E-01  1.10478260E-01  3.19748520E-02
3.03184700E-01  1.17739360E-01  3.18315030E-02
3.03737520E-01  6.92030040E-02  3.18119270E-02
3.04290370E-01  9.43639350E-02  3.17486930E-02
3.04843190E-01  1.21962920E-01  3.18138300E-02
3.05396030E-01  1.36775970E-01  3.18731000E-02
3.05948850E-01  1.13183570E-01  3.17299780E-02
3.06501670E-01  1.10380806E-01  3.18414980E-02
3.07054520E-01  1.47607060E-01  3.16645400E-02
3.07607340E-01  1.02574320E-01  3.16797680E-02
3.08160190E-01  1.17867210E-01  3.17142270E-02
3.08713000E-01  5.82599040E-02  3.16445500E-02
3.09265850E-01  7.39437400E-02  3.15416900E-02
3.09818670E-01  6.10352700E-02  3.15564830E-02
3.10371500E-01  1.44446160E-01  3.17230860E-02
3.10924340E-01  1.46192610E-01  3.14691920E-02
3.11477160E-01  1.92792830E-01  3.16472350E-02
3.12030000E-01  8.96926700E-02  3.14319400E-02
3.12582830E-01  1.04841170E-01  3.14308740E-02
3.13135670E-01  8.06601600E-02  3.14773800E-02
3.13688500E-01  1.54442070E-01  3.15148600E-02
3.14241310E-01  9.05351340E-02  3.14260500E-02
3.14794160E-01  1.12253940E-01  3.13723350E-02
3.15346980E-01  1.05139640E-01  3.14303520E-02
3.15899830E-01  1.26347170E-01  3.14075350E-02
3.16452650E-01  1.38332830E-01  3.12968750E-02
3.17005500E-01  1.64238900E-01  3.13510600E-02
3.17558310E-01  1.64595170E-01  3.11724250E-02
3.18111130E-01  1.21493940E-01  3.12765800E-02
3.18663980E-01  1.09780975E-01  3.11465520E-02
3.19216800E-01  1.11670986E-01  3.12865750E-02
3.19769640E-01  9.66054700E-02  3.10393000E-02
3.20322470E-01  9.20268000E-02  3.11317560E-02
3.20875300E-01  1.50852440E-01  3.11837550E-02
3.21428130E-01  1.08990990E-01  3.09604440E-02
3.21980950E-01  5.58439300E-02  3.11612360E-02
3.22533800E-01  5.61880600E-02  3.09798600E-02
3.23086620E-01  4.28732670E-02  3.11634350E-02
3.23639460E-01  1.17378235E-01  3.10687590E-02
3.24192290E-01  7.61052900E-02  3.11363710E-02
3.24745130E-01  9.87886340E-02  3.10882300E-02
3.25297950E-01  1.03050580E-01  3.09308150E-02
3.25850770E-01  1.54218850E-01  3.10563580E-02
3.26403620E-01  9.62310600E-02  3.09551770E-02
3.26956440E-01  1.23016940E-01  3.10863980E-02
3.27509280E-01  1.02293420E-01  3.08918190E-02
3.28062100E-01  8.18901060E-02  3.10539770E-02
3.28614950E-01  1.17386214E-01  3.09399590E-02
3.29167770E-01  1.16830885E-01  3.09104920E-02
3.29720600E-01  1.20195330E-01  3.08685200E-02
3.30273440E-01  6.20520640E-02  3.07738740E-02
3.30826260E-01  1.22932084E-01  3.09326650E-02
3.31379100E-01  1.27250550E-01  3.07825490E-02
3.31931920E-01  9.43405850E-02  3.08498720E-02
3.32484770E-01  1.75573630E-01  3.07748320E-02
3.33037600E-01  1.31586720E-01  3.08290400E-02
3.33590410E-01  8.83270060E-02  3.07775960E-02
3.34143260E-01  1.58246130E-01  3.06545100E-02
3.34696080E-01  1.25144500E-01  3.07479740E-02
3.35248920E-01  1.11274490E-01  3.05715720E-02
3.35801740E-01  1.58102680E-01  3.07234300E-02
3.36354600E-01  7.83514500E-02  3.05511600E-02
3.36907400E-01  1.20818170E-01  3.06555930E-02
3.37460230E-01  1.37112700E-01  3.06181330E-02
3.38013080E-01  1.52658860E-01  3.05254850E-02
3.38565900E-01  1.14432940E-01  3.05266600E-02
3.39118740E-01  7.00839700E-02  3.04737240E-02
3.39671560E-01  6.52810300E-02  3.05045450E-02
3.40224400E-01  1.33151670E-01  3.04227170E-02
3.40777230E-01  1.16205740E-01  3.04813680E-02
3.41330050E-01  8.24278600E-02  3.03909630E-02
3.41882900E-01  1.17717740E-01  3.05251030E-02
3.42435720E-01  1.07814910E-01  3.04098860E-02
3.42988560E-01  8.53886460E-02  3.02167330E-02
3.43541380E-01  1.42937510E-01  3.04429420E-02
3.44094230E-01  1.02429940E-01  3.02981440E-02
3.44647050E-01  1.21601455E-01  3.03358960E-02
3.45199870E-01  7.63515160E-02  3.02733900E-02
3.45752720E-01  7.62342960E-02  3.03474850E-02
3.46305540E-01  1.68466850E-01  3.02710660E-02
3.46858380E-01  9.07218200E-02  3.01808210E-02
3.47411200E-01  1.32188860E-01  3.01745030E-02
3.47964050E-01  1.22920300E-01  3.01836340E-02
3.48516870E-01  1.53674840E-01  3.00701690E-02
3.49069700E-01  1.20335550E-01  3.01133450E-02
3.49622540E-01  1.39317830E-01  3.00271700E-02
3.50175360E-01  1.44901740E-01  3.00027780E-02
3.50728200E-01  1.50600900E-01  3.00990470E-02
3.51281020E-01  6.74070900E-02  2.98521330E-02
3.51833870E-01  1.10583104E-01  2.98296470E-02
3.52386700E-01  1.68018920E-02  3.01801260E-02
3.52939500E-01  1.10551660E-01  3.06851830E-02
3.53492360E-01  9.78483700E-02  3.14668100E-02
3.54045180E-01  1.09030984E-01  3.21418800E-02
3.54598020E-01  9.77113900E-02  3.24434530E-02
3.55150840E-01  1.38844340E-01  3.29465830E-02
3.55703690E-01  8.21387540E-02  3.31655850E-02
3.56256500E-01  1.08957350E-01  3.34624350E-02
3.56809330E-01  1.55515150E-01  3.38739200E-02
3.57362170E-01  6.98104650E-02  3.42191680E-02
3.57915000E-01  1.27524170E-01  3.43261320E-02
3.58467840E-01  1.73729640E-01  3.46901700E-02
3.59020660E-01  9.45475000E-02  3.49317160E-02
3.59573500E-01  4.39515560E-02  3.51308140E-02
3.60126330E-01  1.33611280E-01  3.42303660E-02
3.60679150E-01  1.06247070E-01  3.41281670E-02
3.61232000E-01  9.34103700E-02  3.38217360E-02
3.61784820E-01  1.29340540E-01  3.38343400E-02
3.62337660E-01  1.71965630E-01  3.37688360E-02
3.62890480E-01  5.82221080E-02  3.37352230E-02
3.63443330E-01  9.13914740E-02  3.37840170E-02
3.63996150E-01  9.02696100E-02  3.32789640E-02
3.64548970E-01  1.34639160E-01  3.37694960E-02
3.65101810E-01  1.24572635E-01  3.34042980E-02
3.65654640E-01  1.26802620E-01  3.36870100E-02
3.66207480E-01  1.04582820E-01  3.34510800E-02
3.66760300E-01  9.58032300E-02  3.34406400E-02
3.67313150E-01  1.13340090E-01  3.36106680E-02
3.67865970E-01  1.24890760E-01  3.34907550E-02
3.68418800E-01  1.40197410E-01  3.36927770E-02
3.68971630E-01  1.38757420E-01  3.31604480E-02
3.69524460E-01  8.38531700E-02  3.35409050E-02
3.70077300E-01  1.04941280E-01  3.32376000E-02
3.70630120E-01  6.50490300E-02  3.34586500E-02
3.71182970E-01  9.77845640E-02  3.31618670E-02
3.71735790E-01  1.59689470E-01  3.34141960E-02
3.72288600E-01  1.07857210E-01  3.36365850E-02
3.72841450E-01  8.14966100E-02  3.31209700E-02
3.73394270E-01  8.83849200E-02  3.35183800E-02
3.73947120E-01  1.61745710E-01  3.31671760E-02
3.74499940E-01  5.78317340E-02  3.35457600E-02
3.75052790E-01  8.68034400E-02  3.33166200E-02
3.75605600E-01  1.37413950E-01  3.35383700E-02
3.76158430E-01  1.15442910E-01  3.34268730E-02
3.76711270E-01  5.81810700E-02  3.33475060E-02
3.77264100E-01  7.74776600E-02  3.36322200E-02
3.77816940E-01  1.09245300E-01  3.33286150E-02
3.78369760E-01  1.20944050E-01  3.36705260E-02
3.78922600E-01  1.49758430E-01  3.33524530E-02
3.79475430E-01  1.68055790E-01  3.36044130E-02
3.80028250E-01  1.17289570E-01  3.34134770E-02
3.80581100E-01  9.44869300E-02  3.36035750E-02
3.81133910E-01  8.31693040E-02  3.36843840E-02
3.81686760E-01  1.20936535E-01  3.33693000E-02
3.82239580E-01  1.34209600E-01  3.37865300E-02
3.82792430E-01  1.37701100E-01  3.33359840E-02
3.83345250E-01  1.20642110E-01  3.38561900E-02
3.83898070E-01  1.26217700E-01  3.35016140E-02
3.84450910E-01  8.40763900E-02  3.36196800E-02
3.85003730E-01  1.60478880E-01  3.36641450E-02
3.85556580E-01  7.62443540E-02  3.36206440E-02
3.86109400E-01  1.21985115E-01  3.38819030E-02
3.86662240E-01  8.80778950E-02  3.34816720E-02
3.87215070E-01  8.88716950E-02  3.38076200E-02
3.87767890E-01  1.11573650E-01  3.35379000E-02
3.88320730E-01  9.89853800E-02  3.38409300E-02
3.88873550E-01  9.46176700E-02  3.35592960E-02
3.89426400E-01  8.75629100E-02  3.37679760E-02
3.89979220E-01  9.17764160E-02  3.37176920E-02
3.90532060E-01  2.68917660E-02  3.36166620E-02
3.91084890E-01  1.87692120E-01  3.38982980E-02
3.91637700E-01  1.12027140E-01  3.35471480E-02
3.92190550E-01  8.21640700E-02  3.38567100E-02
3.92743370E-01  9.98589500E-02  3.36470500E-02
3.93296220E-01  8.38925900E-02  3.38778270E-02
3.93849040E-01  5.51000650E-02  3.37496000E-02
3.94401880E-01  8.13906100E-02  3.37746400E-02
3.94954700E-01  1.10771870E-01  3.41037960E-02
3.95507550E-01  1.10370870E-01  3.37055200E-02
3.96060370E-01  1.19453200E-01  3.41148260E-02
3.96613200E-01  1.50123720E-01  3.38040500E-02
3.97166040E-01  1.32839780E-01  3.41333560E-02
3.97718860E-01  1.55849700E-01  3.39104120E-02
3.98271700E-01  9.29053350E-02  3.40692250E-02
3.98824520E-01  5.37218040E-02  3.39939000E-02
3.99377370E-01  1.18250296E-01  3.39206200E-02
3.99930200E-01  7.96390850E-02  3.41810360E-02
4.00483040E-01  9.66710150E-02  3.37663100E-02
4.01035830E-01  1.19484410E-02  3.40434200E-02
4.01588700E-01  1.60587550E-01  3.38550300E-02
4.02141500E-01  6.19342700E-02  3.39686400E-02
4.02694370E-01  1.49239290E-01  3.38890480E-02
4.03247170E-01  1.35886340E-01  3.39322280E-02
4.03800000E-01  1.38409470E-01  3.40037530E-02
4.04352860E-01  8.53966250E-02  3.38335630E-02
4.04905650E-01  1.30689220E-01  3.40648140E-02
4.05458500E-01  1.51022020E-01  3.38705900E-02
4.06011340E-01  6.02250550E-02  3.40162800E-02
4.06564200E-01  1.15013000E-01  3.39085570E-02
4.07117000E-01  7.39066400E-02  3.40721300E-02
4.07669830E-01  1.00382250E-01  3.40113700E-02
4.08222680E-01  8.65888900E-02  3.39776840E-02
4.08775470E-01  1.78640080E-01  3.43123230E-02
4.09328300E-01  1.21060920E-01  3.38872860E-02
4.09881160E-01  1.41824440E-01  3.42177600E-02
4.10434000E-01  1.63764370E-01  3.40475660E-02
4.10986800E-01  -9.40611900E-04  3.41184960E-02
4.11539650E-01  9.26680100E-02  3.41142600E-02
4.12092500E-01  1.13426670E-01  3.41895220E-02
4.12645300E-01  1.00362610E-01  3.42426450E-02
4.13198140E-01  1.34607720E-01  3.40898260E-02
4.13751000E-01  9.60451700E-02  3.43861900E-02
4.14303830E-01  9.14261600E-02  3.40993600E-02
4.14856620E-01  9.45176800E-02  3.42236720E-02
4.15409470E-01  8.95692100E-02  3.40864000E-02
4.15962300E-01  1.22953240E-01  3.41923460E-02
4.16515100E-01  1.67896030E-01  3.40846630E-02
4.17067960E-01  8.67855200E-02  3.40550540E-02
4.17620800E-01  1.23946560E-01  3.42173600E-02
4.18173650E-01  1.15496665E-01  3.39129120E-02
4.18726440E-01  9.42288040E-02  3.41537000E-02
4.19279300E-01  8.24842750E-02  3.39117000E-02
4.19832130E-01  1.42069730E-01  3.40956900E-02
4.20384930E-01  4.86228240E-02  3.40021250E-02
4.20937800E-01  1.26977980E-01  3.40038400E-02
4.21490600E-01  4.31193700E-02  3.41174160E-02
4.22043470E-01  8.10998800E-02  3.40676300E-02
4.22596260E-01  1.49171550E-01  3.42831570E-02
4.23149100E-01  6.59607400E-02  3.38846450E-02
4.23701950E-01  1.46215620E-01  3.43560460E-02
4.24254750E-01  1.20583970E-01  3.40530540E-02
4.24807600E-01  1.48188040E-01  3.42955550E-02
4.25360440E-01  1.25903380E-01  3.41898650E-02
4.25913300E-01  1.28482240E-01  3.41846420E-02
4.26466100E-01  5.05863540E-02  3.42128170E-02
4.27018930E-01  1.27743110E-01  3.42184680E-02
4.27571770E-01  9.63546260E-02  3.44043260E-02
4.28124570E-01  1.06908630E-01  3.41636300E-02
4.28677400E-01  1.58465880E-01  3.44176140E-02
4.29230260E-01  1.37932170E-01  3.42649850E-02
4.29783100E-01  8.40139700E-02  3.44079300E-02
4.30335900E-01  7.72095900E-02  3.42953880E-02
4.30888750E-01  3.20027660E-02  3.43092900E-02
4.31441600E-01  9.54106700E-02  3.44982520E-02
4.31994400E-01  8.03412200E-02  3.42408230E-02
4.32547240E-01  6.07322940E-02  3.44929140E-02
4.33100100E-01  1.27995120E-01  3.43501270E-02
4.33652930E-01  1.88865200E-01  3.45700270E-02
4.34205700E-01  9.57520200E-02  3.45188230E-02
4.34758570E-01  1.19534230E-01  3.53740980E-02
4.35311400E-01  1.33218120E-01  3.64128280E-02
4.35864200E-01  1.00469650E-01  3.70448230E-02
4.36417060E-01  2.37666050E-02  3.75942700E-02
4.36969900E-01  1.28462020E-01  3.81256340E-02
4.37522750E-01  4.92759460E-02  3.86181600E-02
4.38075540E-01  5.86424170E-02  3.90971040E-02
4.38628400E-01  1.48996300E-01  3.97323030E-02
4.39181230E-01  1.15477590E-01  3.98706800E-02
4.39734030E-01  1.69696690E-01  4.04376050E-02
4.40286870E-01  8.91927100E-02  4.06638720E-02
4.40839700E-01  6.68812400E-02  4.10764480E-02
4.41392560E-01  1.57410710E-01  4.16502320E-02
4.41945360E-01  1.65787900E-01  4.19538300E-02
4.42498200E-01  1.06169270E-01  4.21494800E-02
4.43051050E-01  1.00552530E-01  4.26013880E-02
4.43603850E-01  6.75194500E-02  4.28222380E-02
4.44156700E-01  1.12294290E-01  4.33668570E-02
4.44709540E-01  1.75358980E-01  4.34931700E-02
4.45262400E-01  5.27679000E-02  4.37928500E-02
4.45815200E-01  7.34895600E-02  4.39718100E-02
4.46368030E-01  1.19677685E-01  4.40330500E-02
4.46920870E-01  2.21623970E-01  4.44074980E-02
4.47473670E-01  1.06570850E-01  4.43720220E-02
4.48026500E-01  1.12707770E-01  4.45581300E-02
4.48579360E-01  8.66342040E-02  4.44592830E-02
4.49132200E-01  1.33303210E-01  4.49302830E-02
4.49685000E-01  8.54171960E-02  4.50032060E-02
4.50237850E-01  1.52477150E-01  4.53063250E-02
4.50790700E-01  4.80024180E-02  4.52281460E-02
4.51343500E-01  1.27052770E-01  4.55332700E-02
4.51896330E-01  9.29355000E-02  4.59096700E-02
4.52449200E-01  1.16102160E-01  4.59802370E-02
4.53002000E-01  4.82673650E-02  4.60838800E-02
4.53554800E-01  8.59536800E-02  4.62023200E-02
4.54107670E-01  8.09935300E-02  4.64191060E-02
4.54660500E-01  1.71693280E-01  4.67459750E-02
4.55213300E-01  1.40046900E-01  4.69190550E-02
4.55766150E-01  7.02355100E-02  4.68092340E-02
4.56319000E-01  1.36512060E-01  4.72572220E-02
4.56871840E-01  9.24405160E-02  4.73289940E-02
4.57424640E-01  4.48304380E-02  4.75489420E-02
4.57977500E-01  9.95740000E-03  4.79024540E-02
4.58530330E-01  2.57734000E-01  4.80171670E-02
4.59083130E-01  6.70095500E-02  4.85058200E-02
4.59635970E-01  1.23185130E-01  4.86067100E-02
4.60188800E-01  1.86866420E-01  4.89537860E-02
4.60741660E-01  1.21059420E-01  4.91373170E-02
4.61294460E-01  1.96801400E-01  4.94699960E-02
4.61847300E-01  1.57247360E-01  5.00014350E-02
4.62400150E-01  1.75381170E-01  4.99497240E-02
4.62952950E-01  9.33570860E-02  5.05079500E-02
4.63505800E-01  1.33551170E-01  5.06090450E-02
4.64058640E-01  2.65151520E-02  5.10927330E-02
4.64611500E-01  1.07491460E-01  5.10741770E-02
4.65164300E-01  2.05178470E-01  5.14664950E-02
4.65717120E-01  1.63577690E-01  5.17291840E-02
4.66269970E-01  9.36806400E-02  5.22142760E-02
4.66822770E-01  1.24999880E-01  5.24124060E-02
4.67375600E-01  9.23033060E-02  5.28523440E-02
4.67928460E-01  6.90044100E-02  5.29611630E-02
4.68481300E-01  7.70618540E-02  5.34152760E-02
4.69034100E-01  1.03990726E-01  5.39223660E-02
4.69586940E-01  1.27256910E-01  5.39993120E-02
4.70139800E-01  1.23178310E-01  5.48131500E-02
4.70692600E-01  1.86034700E-01  5.47292160E-02
4.71245430E-01  8.13091200E-02  5.52323270E-02
4.71798300E-01  5.62954550E-02  5.56196980E-02
4.72351100E-01  5.16427940E-02  5.58631640E-02
4.72903900E-01  1.63512380E-01  5.68266620E-02
4.73456760E-01  1.51916270E-01  5.67564220E-02
4.74009600E-01  1.85788700E-01  5.71792720E-02
4.74562400E-01  2.39623680E-01  5.75382300E-02
4.75115250E-01  8.60372600E-02  5.78840930E-02
4.75668100E-01  2.50535440E-02  5.82753230E-02
4.76220940E-01  9.50205250E-02  5.87379900E-02
4.76773740E-01  4.34376100E-02  5.91773350E-02
4.77326600E-01  1.18023040E-01  5.97937100E-02
4.77879430E-01  4.43225060E-02  6.00080600E-02
4.78432230E-01  1.48601870E-01  6.07932700E-02
4.78985070E-01  9.79110200E-02  6.11102000E-02
4.79537900E-01  1.11469390E-01  6.14743870E-02
4.80090760E-01  1.44001250E-01  6.22537660E-02
4.80643560E-01  2.09342500E-01  6.26698060E-02
4.81196400E-01  2.39344850E-01  6.35417200E-02
4.81749250E-01  9.97455500E-02  6.35953500E-02
4.82302050E-01  2.85021460E-02  6.41309500E-02
4.82854900E-01  7.87479500E-02  6.46594400E-02
4.83407740E-01  1.53565380E-01  6.52325500E-02
4.83960600E-01  8.13216000E-02  6.62124450E-02
4.84513400E-01  2.70123330E-02  6.61481400E-02
4.85066200E-01  -1.84470680E-02  6.71559700E-02
4.85619070E-01  4.67209100E-02  6.74014200E-02
4.86171870E-01  8.25349100E-02  6.76970300E-02
4.86724700E-01  1.55433420E-01  6.89326600E-02
4.87277560E-01  7.95854500E-02  6.84766100E-02
4.87830400E-01  1.47078420E-01  6.89444500E-02
4.88383200E-01  8.21741300E-02  6.89271240E-02
4.88936040E-01  -1.85864770E-02  6.89180000E-02
4.89488900E-01  1.40256600E-01  6.99911860E-02
4.90041700E-01  1.69536010E-01  6.98426960E-02
4.90594530E-01  8.85924100E-02  7.01370240E-02
4.91147380E-01  5.83820940E-02  7.07450400E-02
4.91700200E-01  4.06091850E-02  7.13120600E-02
4.92253000E-01  5.03104250E-02  7.20267400E-02
4.92805860E-01  2.87095270E-02  7.13827240E-02
4.93358700E-01  1.32381320E-01  7.26936800E-02
4.93911500E-01  -8.89912250E-02  7.28934900E-02
4.94464350E-01  1.29871600E-01  7.34836500E-02
4.95017200E-01  5.90890830E-02  7.36628400E-02
4.95570040E-01  5.31655500E-02  7.37282260E-02
4.96122840E-01  1.71285350E-01  7.46745300E-02
4.96675700E-01  6.18806330E-02  7.47306000E-02
4.97228530E-01  4.06777340E-02  7.52676950E-02
4.97781320E-01  2.15359320E-01  7.59331900E-02
4.98334170E-01  3.42073140E-02  7.56010200E-02
4.98887000E-01  2.02571870E-01  7.59621200E-02
4.99439860E-01  2.59023730E-01  7.65188800E-02
4.99992660E-01  4.90049900E-03  7.62800350E-02
5.00545500E-01  1.27936050E-01  7.67532200E-02
5.01098350E-01  -2.15628650E-02  7.60161100E-02
5.01651140E-01  3.36506000E-02  7.63568400E-02
5.02204000E-01  9.69370100E-02  7.71037640E-02
5.02756830E-01  8.77988400E-02  7.69441200E-02
5.03309700E-01  1.07401185E-01  7.69846800E-02
5.03862500E-01  1.39169750E-01  7.76323800E-02
5.04415300E-01  1.26297460E-01  7.79222800E-02
5.04968170E-01  1.07031390E-01  7.87400450E-02
5.05520960E-01  8.79929300E-02  7.89952800E-02
5.06073800E-01  1.89173150E-02  7.97420140E-02
5.06626650E-01  1.35639310E-01  7.92613250E-02
5.07179500E-01  -7.89062000E-02  8.02310000E-02
5.07732300E-01  7.50118600E-02  8.13609140E-02
5.08285140E-01  1.54631990E-01  8.15221440E-02
5.08838000E-01  1.93961400E-01  8.19134900E-02
5.09390800E-01  6.40779000E-02  8.19870600E-02
5.09943630E-01  9.66154200E-02  8.29307300E-02
5.10496470E-01  1.22655810E-01  8.38780600E-02
5.11049300E-01  5.13099900E-02  8.36220000E-02
5.11602100E-01  2.66824420E-01  8.47469100E-02
5.12154960E-01  2.49108280E-01  8.53975000E-02
5.12707800E-01  3.00470980E-02  8.55460540E-02
5.13260600E-01  4.19758900E-02  8.59707740E-02
5.13813450E-01  -2.83176550E-02  8.71103600E-02
5.14366300E-01  8.38108660E-02  8.69570100E-02
5.14919140E-01  1.14078400E-01  8.79961100E-02
5.15471940E-01  1.86027750E-02  8.89296700E-02
5.16024800E-01  1.88936520E-01  8.88627800E-02
5.16577630E-01  2.03643800E-01  9.07349440E-02
5.17130400E-01  9.69379300E-02  8.99241900E-02
5.17683270E-01  1.64139840E-01  9.15893300E-02
5.18236100E-01  1.63217020E-02  9.15437300E-02
5.18788960E-01  1.79051950E-01  9.25989900E-02
5.19341750E-01  1.41268060E-01  9.40127600E-02
5.19894600E-01  1.36649970E-01  9.38032700E-02
5.20447440E-01  8.72394700E-02  9.46631300E-02
5.21000240E-01  -6.51194200E-02  9.50400300E-02
5.21553100E-01  9.43224360E-02  9.63380260E-02
5.22105930E-01  -1.02911170E-01  9.72324500E-02
5.22658800E-01  1.49091900E-01  9.77261800E-02
5.23211570E-01  3.77423830E-03  9.88531560E-02
5.23764400E-01  5.43396700E-02  9.91582000E-02
5.24317260E-01  7.88895560E-02  1.00556254E-01
5.24870060E-01  1.52532760E-01  1.01053970E-01
5.25422900E-01  1.48602000E-01  1.02739060E-01
5.25975750E-01  6.54925700E-02  1.03722356E-01
5.26528600E-01  -5.25384400E-02  1.03413135E-01
5.27081400E-01  -5.65311540E-02  1.03869210E-01
5.27634240E-01  4.90403620E-02  1.06391616E-01
5.28187100E-01  1.25734970E-01  1.07781650E-01
5.28739900E-01  1.83950700E-01  1.07459486E-01
5.29292730E-01  8.18988900E-02  1.08418560E-01
5.29845570E-01  3.18609860E-01  1.11648770E-01
5.30398400E-01  1.72916530E-01  1.10948820E-01
5.30951200E-01  2.88683570E-02  1.12574290E-01
5.31504060E-01  -3.89529130E-02  1.13202910E-01
5.32056900E-01  1.07049880E-01  1.15056830E-01
5.32609700E-01  1.24052450E-01  1.16506760E-01
5.33162550E-01  -2.34183110E-02  1.18064100E-01
5.33715400E-01  7.48714100E-02  1.17979540E-01
5.34268240E-01  1.41810330E-01  1.20494310E-01
5.34821030E-01  -7.72534000E-02  1.21361010E-01
5.35373900E-01  1.63993720E-01  1.24483585E-01
5.35926700E-01  7.65457150E-02  1.23947375E-01
5.36479500E-01  1.81394520E-01  1.26618970E-01
5.37032370E-01  1.46427850E-01  1.28076150E-01
5.37585200E-01  4.88940160E-03  1.30179300E-01
5.38138060E-01  3.20896950E-02  1.32206280E-01
5.38690850E-01  2.86179500E-01  1.32298540E-01
5.39243700E-01  1.40865560E-01  1.35388970E-01
5.39796540E-01  -1.68291720E-02  1.38940200E-01
5.40349340E-01  8.20443100E-02  1.40664190E-01
5.40902200E-01  1.49707800E-01  1.40260430E-01
5.41455030E-01  1.36906830E-01  1.44241960E-01
5.42007880E-01  -4.06207470E-03  1.47278740E-01
5.42560670E-01  8.20252400E-02  1.48754210E-01
5.43113500E-01  -2.20842060E-02  1.51677460E-01
5.43666360E-01  -7.44938700E-02  1.55258740E-01
5.44219160E-01  -1.70833710E-02  1.58979100E-01
5.44772000E-01  1.24296940E-01  1.58946780E-01
5.45324850E-01  1.41250950E-01  1.64584950E-01
5.45877700E-01  3.68032870E-01  1.70039060E-01
5.46430500E-01  1.82252240E-01  1.72257000E-01
5.46983340E-01  3.01534030E-01  1.75574760E-01
5.47536200E-01  -2.78747000E-01  1.80086370E-01
5.48089000E-01  2.85778600E-01  1.85803430E-01
5.48641820E-01  2.44947610E-01  1.90332200E-01
5.49194670E-01  1.12031070E-01  1.96520020E-01
5.49747500E-01  -2.28206870E-01  2.01285120E-01
5.50300300E-01  3.53264200E-01  2.10639000E-01
5.50853160E-01  3.30521540E-02  2.16807510E-01
5.51406000E-01  7.10566000E-02  2.22113490E-01
5.51958800E-01  -9.37298800E-02  2.32455480E-01
5.52511640E-01  4.74563960E-01  2.48560880E-01
5.53064500E-01  2.76309280E-01  2.56432060E-01
5.53617330E-01  2.55115030E-01  2.69725740E-01
5.54170130E-01  -2.23939030E-01  2.87186950E-01
5.54723000E-01  3.58028400E-01  3.07572840E-01
5.55275800E-01  -2.26153170E-01  3.35299600E-01
5.55828600E-01  -1.10324740E-01  3.56615660E-01
5.56381460E-01  2.91201500E-01  3.94059300E-01
5.56934300E-01  6.11783100E-01  4.86915170E-01
5.57487150E-01  -6.53533100E-01  5.80868900E-01
5.58039950E-01  -3.12855570E-01  7.37206160E-01


### HEADER:
#
#{
#    "analysis": {
#        "guinier": {
#            "I0": "7.880474688500261",
#            "I0_autorg_err": -1,
#            "I0_err": 0.035066119534863334,
#            "I0_est_err": 0.010553026145682296,
#            "I0_fit_err": 0.035066119534863334,
#            "Rg": "31.75519491852007",
#            "Rg_autorg_err": -1,
#            "Rg_err": 0.22142427207681037,
#            "Rg_est_err": 0.09137382736415367,
#            "Rg_fit_err": 0.22142427207681037,
#            "nEnd": 63,
#            "nStart": 17,
#            "qEnd": "0.04059",
#            "qRg_max": "1.2889366931517967",
#            "qRg_min": "0.4813942745958814",
#            "qStart": "0.01516",
#            "rsq": "0.9887193241097744"
#        },
#        "molecularWeight": {
#            "VolumeOfCorrelation": {
#                "Vcor": "208.87592685783864"
#            }
#        }
#    },
#    "counters": {
#        "comment": "# File generated by ISPyB from MtbEnz_hplc.h5\n# Peak average 764.0 - 797.0\n# Tue Nov 25 15:10:12 CET 2025\n"
#    },
#    "filename": "subtracted.dat",
#    "history": {},
#    "unit": ""
#}

